reddito	figli	metri	sesso	genitori	zona	spesa
39.244	1	67	1	0	1	14.317
31.838	1	55	1	1	0	10.980
23.266	0	50	1	1	0	8.498
11.637	1	58	1	1	1	8.839
19.392	1	68	1	1	1	10.400
42.851	2	63	0	1	1	15.494
15.109	3	61	1	1	1	10.532
28.551	1	58	1	0	1	12.270
31.029	0	50	1	0	0	10.279
29.436	1	54	1	0	1	12.283
38.141	0	50	0	1	1	13.676
40.894	0	50	1	1	1	14.183
31.161	0	50	1	0	1	12.197
40.040	3	95	1	1	1	15.550
42.109	0	50	1	1	1	14.521
28.519	3	68	1	1	1	13.197
45.526	0	50	0	0	0	13.151
36.550	2	76	1	0	0	12.281
38.978	2	70	0	1	0	12.768
54.683	3	80	0	1	0	16.446
44.088	0	50	0	1	0	12.866
30.845	3	64	1	0	1	13.616
23.908	1	62	1	1	1	11.211
22.560	3	64	1	1	1	12.058
46.072	0	50	1	1	1	15.236
41.012	2	57	1	1	1	15.251
36.650	1	62	0	1	1	13.827
29.940	0	50	1	1	0	10.007
31.618	2	78	1	1	0	11.385
28.375	2	69	0	1	1	12.751
35.472	0	50	1	1	1	13.069
43.223	2	51	1	0	1	15.619
41.204	0	50	1	1	0	12.193
26.728	1	54	1	1	1	11.876
28.323	2	60	0	1	1	12.652
19.824	0	50	0	0	1	10.003
29.291	2	83	1	1	1	12.784
41.174	2	77	0	1	1	15.118
25.903	3	88	1	1	1	12.666
25.497	3	64	1	0	1	12.641
6.489	3	82	0	0	1	8.846
29.396	3	58	1	1	0	11.434
18.687	2	56	0	1	0	8.800
17.809	1	56	1	1	0	8.066
48.398	3	86	1	1	0	15.113
36.021	1	55	0	1	1	13.708
48.324	0	50	1	1	1	15.553
19.384	1	52	1	1	0	8.375
39.428	3	88	1	0	1	15.421
26.809	3	69	1	1	1	12.880
48.762	1	64	1	1	1	16.308
14.420	2	56	1	0	1	9.959
29.432	2	79	1	1	1	12.864
26.048	0	50	1	0	0	9.227
49.626	0	50	1	0	1	15.931
47.952	3	94	0	1	0	15.093
23.074	0	50	1	0	1	10.721
25.847	3	104	0	1	1	12.647
25.292	2	52	1	1	0	10.040
28.768	0	50	1	0	0	9.823
16.933	2	67	1	0	1	10.396
39.524	2	84	0	1	1	14.827
33.498	2	71	1	1	1	13.632
0.000	0	50	0	1	0	4.120
18.210	0	50	1	1	1	9.735
24.392	2	56	0	0	1	11.902
33.136	0	50	1	1	1	12.624
43.179	2	65	0	1	1	15.666
20.048	1	67	1	1	1	10.451
25.797	3	103	1	1	1	12.714
32.834	0	50	1	1	1	12.594
24.192	3	75	1	1	1	12.379
28.015	2	60	1	1	0	10.676
29.991	3	65	0	1	1	13.439
33.194	3	104	1	0	1	14.213
38.965	3	75	0	0	1	15.322
40.377	2	73	0	0	1	15.061
17.787	2	71	1	0	0	8.608
39.059	2	50	1	1	0	12.777
38.154	1	69	0	1	1	14.146
43.248	3	56	0	0	1	16.169
31.847	1	58	1	1	1	12.789
39.664	3	62	1	0	1	15.504
24.401	2	60	1	1	0	9.776
51.270	0	50	1	0	1	16.215
23.222	1	63	0	1	1	11.091
40.280	1	63	1	1	0	12.500
38.076	1	59	1	0	0	12.136
31.597	1	61	1	1	0	10.851
47.378	1	66	1	1	1	15.989
44.757	0	50	1	1	1	15.017
25.336	1	67	1	0	1	11.594
33.948	3	78	1	1	0	12.278
34.655	2	73	1	1	0	11.867
32.487	0	50	1	1	1	12.477
25.392	3	76	1	1	0	10.709
32.036	1	60	1	1	1	12.866
30.982	3	87	0	1	0	11.736
33.741	1	60	1	1	1	13.302
31.760	2	59	1	1	0	11.376
21.323	2	75	1	0	1	11.334
43.228	0	50	1	1	1	14.695
20.444	3	61	1	0	0	9.497
25.150	0	50	1	1	0	9.102
47.326	2	61	1	0	1	16.475
28.474	2	53	0	1	0	10.631
30.598	0	50	1	1	1	12.159
46.160	3	93	1	0	0	14.810
21.768	3	68	0	1	1	11.846
36.018	3	96	1	1	1	14.674
43.021	2	50	1	1	1	15.601
26.075	3	88	1	1	1	12.743
21.835	2	73	1	0	0	9.391
33.469	3	52	1	1	1	14.207
28.916	0	50	1	1	1	11.765
32.730	3	100	1	0	1	14.049
35.633	1	55	1	1	1	13.623
24.278	1	62	1	0	1	11.319
42.370	0	50	1	1	1	14.419
32.339	3	55	1	1	1	13.906
44.265	0	50	0	1	1	14.863
49.095	2	89	0	1	0	14.816
28.851	0	50	1	1	1	11.740
31.286	0	50	1	0	1	12.246
23.081	2	85	0	0	0	9.692
28.963	2	60	1	0	0	10.738
22.628	1	70	1	1	1	11.027
24.657	3	97	1	1	0	10.378
36.726	1	57	1	0	1	13.798
29.028	3	102	1	1	1	13.363
35.765	1	58	1	0	1	13.620
19.565	1	67	0	0	1	10.376
37.548	1	57	1	0	0	11.973
35.820	1	60	1	1	1	13.707
36.349	1	68	1	0	1	13.765
38.414	2	67	1	1	1	14.646
30.607	0	50	1	1	1	12.169
19.960	2	74	1	1	1	11.028
27.906	3	50	1	0	1	13.208
26.628	2	60	0	0	1	12.401
23.361	2	86	0	0	1	11.656
25.666	2	81	0	1	0	10.156
27.540	2	64	0	1	0	10.612
27.311	1	56	1	0	0	9.928
36.063	2	76	1	0	1	14.131
27.611	0	50	1	1	1	11.520
44.452	1	63	0	1	1	15.308
22.514	0	50	0	1	0	8.491
20.529	0	50	1	1	1	10.192
23.482	3	98	0	0	0	10.256
23.289	1	54	1	0	0	9.151
38.596	2	63	0	0	1	14.714
30.072	0	50	1	1	1	12.056
33.810	0	50	0	1	0	10.761
19.150	3	105	0	0	0	9.292
29.921	1	56	1	1	1	12.478
27.201	2	58	0	0	1	12.365
11.072	0	50	1	0	1	8.126
38.019	3	52	1	1	1	15.046
11.997	3	76	1	1	1	9.823
41.741	0	50	1	1	1	14.309
44.935	0	50	1	0	1	14.959
47.435	2	77	1	1	1	16.419
41.167	1	63	1	1	0	12.746
36.702	1	51	1	1	0	11.855
26.082	1	66	1	1	0	9.760
2.932	1	66	1	1	1	7.132
43.513	1	62	1	1	1	15.257
15.038	3	79	0	0	1	10.483
25.439	2	69	1	1	0	10.094
32.635	2	72	1	1	1	13.524
27.186	2	54	1	1	0	10.433
23.392	1	61	1	0	0	9.110
40.117	3	59	0	1	1	15.412
44.453	2	81	0	1	1	15.939
22.553	0	50	0	1	1	10.477
19.721	0	50	1	0	1	9.969
24.761	0	50	1	1	1	10.956
42.385	1	69	1	1	1	14.884
41.459	3	55	1	1	1	15.758
30.767	2	65	1	0	1	13.172
46.827	1	62	1	1	1	15.904
45.273	3	106	1	0	0	14.571
22.016	1	60	1	0	1	10.929
35.929	3	79	1	0	1	14.666
17.540	3	62	1	0	0	9.072
35.077	0	50	0	0	1	13.088
33.723	1	67	1	1	1	13.191
3.337	2	75	1	0	0	5.742
15.232	2	87	0	1	1	9.987
31.592	3	64	1	1	1	13.830
39.122	1	69	0	1	1	14.338
23.138	3	80	0	1	1	12.057
24.340	1	53	0	1	1	11.361
24.982	1	62	1	0	0	9.567
23.577	0	50	1	1	1	10.773
34.941	0	50	1	1	1	12.953
20.428	1	58	1	1	0	8.614
21.764	1	55	1	1	1	10.747
35.395	3	96	0	1	1	14.536
44.457	3	66	1	1	1	16.439
19.650	1	59	1	1	1	10.433
32.183	3	73	0	1	1	13.898
36.400	1	61	1	1	1	13.684
40.063	2	60	1	0	1	15.033
43.199	2	80	1	0	0	13.652
2.357	1	67	1	1	1	6.899
40.612	0	50	0	1	1	14.099
35.285	0	50	0	1	1	13.103
25.016	3	73	1	1	1	12.438
25.661	3	86	1	1	1	12.664
36.894	2	53	1	1	1	14.379
26.901	3	107	1	1	1	12.960
20.289	0	50	1	1	0	8.056
50.493	3	60	1	1	1	17.703
46.370	0	50	0	1	1	15.255
32.366	0	50	1	0	0	10.509
31.410	1	67	1	1	1	12.818
45.851	1	50	1	1	0	13.655
26.680	0	50	0	1	1	11.389
50.235	1	55	1	1	0	14.547
30.906	1	54	1	1	1	12.754
21.863	1	62	1	1	1	10.836
35.689	3	108	0	0	0	12.769
27.144	3	84	1	1	0	10.927
39.271	2	56	1	1	1	14.891
37.309	3	63	1	1	0	12.875
20.779	2	59	1	0	0	9.114
28.735	3	107	1	1	1	13.238
19.763	1	68	0	0	1	10.451
27.947	3	55	1	1	0	11.065
48.089	1	52	1	1	0	14.127
32.744	3	110	1	1	1	14.156
39.113	1	51	0	1	1	14.260
29.990	1	50	1	1	1	12.459
16.303	2	61	0	1	1	10.322
34.016	0	50	1	1	1	12.791
27.582	3	57	0	1	0	11.031
25.047	2	62	1	1	1	12.053
49.726	3	56	1	1	1	17.458
33.004	0	50	1	1	0	10.603
41.457	0	50	0	1	0	12.347
37.282	2	83	1	1	1	14.378
18.969	3	99	1	1	0	9.303
40.712	0	50	1	1	1	14.207
30.876	3	85	1	0	1	13.678
29.313	3	75	1	0	1	13.373
3.000	2	63	1	0	1	7.655
30.557	0	50	1	1	1	12.096
36.850	1	64	0	1	1	13.886
18.955	1	70	1	1	1	10.344
2.276	0	50	1	1	1	6.401
21.487	1	53	1	0	1	10.741
23.571	0	50	1	0	1	10.733
16.914	3	109	0	1	1	10.895
46.855	1	58	0	1	0	13.814
31.308	3	83	0	1	1	13.828
30.571	3	96	1	1	0	11.635
16.374	0	50	1	1	1	9.285
43.966	2	55	1	1	1	15.866
32.193	0	50	1	1	1	12.406
25.690	1	59	1	1	0	9.579
28.041	0	50	1	0	1	11.512
22.378	2	86	1	1	1	11.433
28.493	0	50	1	1	0	9.682
9.992	1	61	0	0	0	6.540
34.494	1	50	0	1	1	13.348
15.433	3	65	1	1	0	8.600
28.454	3	103	0	0	1	13.208
32.226	3	73	0	0	0	11.952
27.279	0	50	1	0	1	11.521
16.531	3	83	1	1	1	10.791
26.351	2	75	0	1	1	12.302
29.383	2	78	1	1	1	12.804
29.757	3	73	0	0	1	13.515
35.152	1	68	0	0	1	13.589
33.241	1	52	0	0	0	11.160
34.642	3	98	0	1	0	12.431
38.786	1	64	1	1	1	14.284
20.999	2	71	1	0	1	11.198
33.131	2	75	1	1	1	13.695
20.950	3	62	0	1	1	11.651
25.915	2	69	0	1	1	12.181
31.539	0	50	1	1	1	12.399
17.783	1	65	0	1	1	10.051
36.376	1	61	1	0	0	11.679
24.742	1	66	1	0	1	11.489
37.767	1	56	0	1	1	14.044
29.468	2	57	1	1	1	12.855
15.634	0	50	0	1	1	9.133
29.137	3	75	1	1	1	13.336
14.523	3	103	0	0	1	10.385
15.229	1	70	1	1	1	9.539
27.887	2	72	0	1	0	10.552
36.631	2	53	0	0	0	12.369
24.803	0	50	1	1	1	11.060
26.522	3	62	1	1	1	12.782
22.019	0	50	1	1	0	8.432
25.055	3	61	0	1	1	12.556
34.990	0	50	1	1	0	10.893
21.282	0	50	0	1	1	10.254
26.961	2	77	1	0	1	12.406
22.762	3	51	1	1	1	12.041
19.992	1	60	0	1	0	8.535
28.839	1	64	1	1	1	12.261
18.074	3	62	1	1	1	11.004
41.127	1	70	1	1	1	14.723
13.912	1	61	1	1	1	9.277
39.011	0	50	0	1	1	13.749
14.201	1	69	1	1	1	9.323
20.898	2	58	0	1	1	11.076
42.045	3	53	0	1	1	15.908
15.180	3	85	0	1	1	10.538
41.311	2	61	1	1	1	15.307
24.917	2	79	1	1	1	11.998
34.940	1	57	1	1	1	13.463
39.123	1	67	1	0	1	14.257
28.287	1	68	1	0	0	10.176
38.292	0	50	1	1	0	11.663
28.423	0	50	1	0	1	11.658
22.365	3	103	1	0	1	11.939
29.296	0	50	1	1	0	9.871
19.194	1	70	0	0	0	8.285
40.501	3	109	1	1	0	13.630
37.811	1	65	0	1	1	14.000
33.910	3	50	1	0	0	12.258
41.258	2	81	1	1	0	13.203
31.961	3	61	1	0	1	14.014
40.744	3	51	1	1	1	15.582
20.459	1	69	0	0	1	10.640
28.208	1	51	1	1	0	10.122
16.613	1	59	1	1	0	7.923
41.317	3	91	0	0	1	15.760
38.879	1	68	1	0	1	14.297
42.978	3	60	1	1	1	16.098
28.630	3	60	0	0	0	11.310
32.155	2	74	1	1	1	13.417
29.517	1	58	0	0	1	12.419
39.027	3	61	1	1	1	15.288
38.124	0	50	1	1	0	11.675
16.850	3	94	0	1	0	8.962
0.000	1	55	1	1	1	6.369
50.556	0	50	0	0	1	16.121
39.602	1	67	1	1	1	14.412
32.135	0	50	1	0	0	10.467
42.962	1	62	0	1	0	13.033
9.837	0	50	1	0	1	7.924
33.841	2	81	1	1	1	13.755
29.245	2	61	0	0	1	12.852
35.371	1	58	0	0	1	13.552
35.558	0	50	0	1	1	13.130
20.688	2	82	0	0	1	11.235
36.317	1	64	1	1	1	13.652
20.720	1	52	1	1	0	8.638
42.143	0	50	1	1	1	14.525
31.689	3	88	1	1	1	13.826
29.104	1	51	1	0	0	10.352
26.597	1	51	1	1	0	9.800
10.642	0	50	1	1	1	8.096
32.030	2	82	0	1	0	11.436
25.625	3	50	1	1	1	12.659
23.186	2	77	1	1	1	11.629
17.217	3	99	1	1	1	10.981
17.445	2	56	1	1	1	10.487
23.515	1	67	0	1	0	9.308
29.974	0	50	1	1	0	10.086
24.730	3	62	1	1	1	12.415
34.376	2	64	1	0	0	11.958
39.212	3	103	1	0	0	13.312
18.972	2	54	1	1	0	8.797
22.795	1	60	1	1	1	11.060
28.194	1	67	0	1	0	10.139
56.191	2	69	1	1	1	18.231
42.266	3	107	1	1	0	13.864
22.116	0	50	1	1	1	10.434
43.277	1	70	1	0	1	15.139
47.852	2	65	0	1	0	14.509
34.547	3	56	1	0	1	14.459
31.299	3	73	1	1	0	11.666
24.362	2	80	1	1	1	11.913
50.744	1	50	0	1	1	16.671
32.577	1	66	1	0	1	13.027
33.868	0	50	1	0	1	12.735
38.491	1	67	1	1	1	14.197
14.441	2	63	0	1	0	7.859
37.016	3	71	1	0	0	12.933
8.698	2	86	1	1	0	6.789
37.159	2	77	0	0	1	14.434
28.274	2	81	1	1	1	12.673
35.330	0	50	1	1	0	11.070
22.376	2	58	1	1	1	11.499
29.578	0	50	1	0	0	9.837
12.830	0	50	1	1	1	8.626
36.736	3	102	1	1	0	12.850
28.941	2	69	1	1	1	12.821
29.403	3	81	1	0	1	13.384
26.260	3	56	0	1	1	12.739
29.833	3	83	1	1	0	11.439
33.196	3	53	1	0	1	14.099
30.951	3	91	1	1	1	13.636
42.536	0	50	1	1	1	14.529
30.370	1	63	0	0	1	12.633
28.155	3	72	1	1	0	11.183
26.079	1	56	1	1	0	9.731
35.785	2	68	0	0	1	14.121
29.757	2	52	0	1	1	12.911
29.931	0	50	1	0	1	12.058
24.926	1	60	0	1	0	9.460
13.233	1	56	0	1	1	9.159
31.538	1	64	0	1	1	12.821
41.474	1	62	0	0	1	14.787
19.500	0	50	1	1	0	7.863
35.962	2	81	0	1	1	14.190
28.194	1	58	1	1	1	12.169
51.861	3	51	1	0	1	17.833
20.027	1	64	0	0	1	10.457
38.269	1	51	1	0	1	14.199
34.635	3	97	1	1	1	14.384
15.220	3	79	0	1	1	10.556
31.049	0	50	1	1	1	12.191
41.141	0	50	1	0	1	14.215
30.360	0	50	1	0	1	12.071
33.255	3	77	1	0	1	14.173
27.467	0	50	0	1	0	9.457
25.329	2	68	1	0	1	12.049
33.493	0	50	1	1	1	12.651
34.931	0	50	1	0	1	13.014
24.357	1	63	1	1	1	11.393
28.999	0	50	0	0	1	11.786
28.082	2	78	1	0	1	12.623
28.624	1	50	0	0	0	10.260
15.894	1	62	1	0	1	9.686
39.817	1	62	1	0	1	14.483
32.371	3	86	1	1	1	13.881
22.973	2	76	0	1	1	11.565
31.300	1	52	1	0	0	10.732
20.890	0	50	1	1	1	10.192
21.381	2	78	1	0	0	9.255
19.507	0	50	0	1	0	7.909
30.962	1	60	0	1	1	12.653
48.637	2	79	0	1	1	16.742
39.159	2	54	0	0	1	14.803
50.139	1	63	1	1	1	16.505
29.602	2	71	0	0	0	10.948
24.789	3	107	0	1	1	12.450
50.289	1	56	1	0	1	16.584
14.626	3	100	1	1	1	10.427
35.617	3	95	1	1	0	12.631
33.166	0	50	0	1	0	10.606
42.762	2	74	1	0	0	13.412
34.424	2	88	1	0	1	13.831
40.300	1	68	1	0	1	14.596
40.448	2	76	0	1	1	14.980
27.160	3	99	1	1	1	12.872
41.834	1	64	1	0	0	12.882
34.221	2	69	1	0	0	11.766
34.266	3	66	1	1	1	14.375
37.596	0	50	0	1	1	13.459
25.480	1	70	0	0	1	11.622
37.281	3	80	1	0	1	15.033
37.712	2	69	1	1	1	14.513
20.632	0	50	1	0	0	8.160
30.319	2	66	1	1	1	13.055
29.948	1	66	1	1	1	12.468
16.801	0	50	1	1	1	9.345
11.126	0	50	0	0	1	8.336
31.109	3	80	0	1	1	13.712
27.910	1	65	0	0	1	12.045
34.439	2	54	1	1	0	11.881
55.321	2	77	1	1	1	18.017
30.598	3	76	1	1	0	11.749
18.563	2	57	1	0	1	10.674
29.558	2	69	1	1	1	12.900
40.539	0	50	0	1	1	14.160
40.521	2	57	0	0	1	15.121
25.403	2	85	1	0	1	12.029
32.657	3	68	1	1	1	14.039
38.725	1	70	1	1	1	14.278
36.892	2	61	1	0	0	12.367
29.085	3	109	1	0	1	13.290
14.093	3	95	0	1	1	10.299
42.517	1	62	1	1	1	15.038
15.653	3	84	1	1	1	10.601
23.617	0	50	0	1	1	10.711
38.342	2	80	1	1	0	12.650
23.053	0	50	1	1	1	10.645
34.967	3	74	1	1	1	14.505
46.319	0	50	0	1	0	13.345
41.659	2	52	1	1	1	15.334
46.217	3	92	0	1	0	14.622
26.154	2	61	1	1	1	12.290
14.424	0	50	1	1	1	8.832
26.968	1	59	1	1	1	11.841
33.090	2	89	0	0	1	13.637
24.085	2	52	0	1	1	11.766
28.378	2	62	1	1	1	12.621
30.377	2	80	1	1	1	13.145
19.179	3	69	1	1	1	11.295
29.381	0	50	1	1	0	9.835
35.963	0	50	1	1	1	13.199
38.483	2	73	1	0	0	12.641
31.746	0	50	1	1	1	12.273
16.843	2	56	1	0	1	10.385
18.245	2	73	1	1	1	10.643
47.953	3	69	1	1	0	15.159
26.607	3	92	1	1	1	12.825
20.523	0	50	1	1	0	8.079
17.422	0	50	1	1	1	9.477
33.271	2	52	0	0	1	13.656
40.588	0	50	0	1	0	12.106
18.774	2	81	1	1	1	10.791
45.168	3	67	1	0	1	16.534
44.809	1	59	1	0	1	15.440
35.615	1	52	1	0	1	13.703
28.959	1	57	1	0	0	10.318
37.001	0	50	1	1	1	13.388
34.238	1	60	1	1	1	13.288
28.884	3	91	1	1	1	13.251
30.330	1	66	0	0	1	12.567
20.876	2	70	1	1	0	9.235
23.022	0	50	1	0	1	10.593
42.452	1	52	1	1	0	12.983
4.056	2	78	1	1	1	7.749
26.842	0	50	1	1	0	9.424
45.099	1	61	1	0	0	13.468
46.424	0	50	1	1	1	15.354
28.875	1	57	0	1	0	10.379
16.396	3	51	1	1	1	10.796
28.708	2	54	1	0	1	12.766
20.872	3	81	1	0	1	11.781
26.108	2	51	1	1	0	10.267
16.050	2	75	1	1	0	8.273
27.754	3	86	1	0	1	12.967
36.260	3	53	1	1	0	12.733
15.310	0	50	0	1	0	7.086
29.705	1	50	1	1	1	12.461
26.081	3	91	0	1	1	12.686
41.121	1	59	1	0	1	14.742
8.974	0	50	0	1	0	5.760
27.070	3	74	1	1	1	12.872
19.978	0	50	1	0	1	10.037
36.157	2	72	0	1	1	14.299
30.673	0	50	1	0	0	10.203
36.687	2	82	1	0	0	12.362
21.270	1	52	1	1	1	10.789
28.030	1	60	0	1	0	10.051
29.788	0	50	0	1	0	9.978
11.009	1	60	1	0	0	6.686
23.834	2	90	0	1	1	11.750
10.000	0	50	1	1	0	5.980
37.440	0	50	1	1	1	13.541
29.395	0	50	0	1	1	11.956
45.856	0	50	1	1	0	13.100
26.500	1	69	1	0	1	11.797
26.149	2	82	1	0	0	10.210
10.040	0	50	1	0	1	8.049
36.763	3	79	1	1	0	12.825
25.874	1	51	1	1	1	11.686
13.325	3	103	1	1	1	10.180
38.802	2	89	1	0	1	14.774
18.593	3	63	1	1	1	11.158
28.198	3	85	1	1	1	13.154
9.088	0	50	1	1	1	7.848
20.288	0	50	1	1	1	10.055
22.585	0	50	1	1	0	8.531
48.408	0	50	1	1	1	15.611
45.250	1	59	1	1	1	15.619
29.213	3	52	1	1	1	13.301
24.615	0	50	1	1	1	10.863
39.927	0	50	1	1	1	13.988
28.488	2	75	1	1	1	12.666
35.934	3	59	1	1	1	14.724
23.692	0	50	0	1	1	10.821
35.896	0	50	0	0	1	13.154
38.160	2	57	0	1	1	14.592
19.234	3	64	1	0	0	9.379
29.702	1	67	1	1	1	12.447
31.834	0	50	1	1	1	12.346
46.664	3	90	1	1	1	16.874
22.091	3	93	1	1	1	11.857
20.013	2	64	0	1	1	11.014
33.195	2	52	1	1	1	13.702
21.814	1	68	0	1	1	10.880
30.044	2	69	1	0	1	12.966
22.548	2	55	0	0	1	11.499
31.073	3	57	0	0	1	13.725
20.667	0	50	0	0	1	10.103
26.563	2	74	1	0	1	12.272
21.867	3	87	1	1	1	11.817
25.273	2	54	1	1	1	12.054
17.459	0	50	1	1	1	9.518
34.477	0	50	1	1	1	12.906
19.956	2	70	1	1	1	10.941
29.761	3	67	0	1	1	13.378
38.216	1	57	1	1	1	14.146
40.839	2	51	0	0	1	15.188
23.841	1	64	1	1	1	11.230
31.267	0	50	1	1	1	12.263
38.717	3	61	0	0	1	15.202
36.914	1	67	0	0	1	13.930
53.272	2	66	0	0	1	17.676
30.084	1	61	1	0	0	10.623
26.376	2	90	1	1	1	12.312
23.956	3	76	1	1	1	12.316
33.166	3	69	0	0	0	12.056
28.365	3	77	1	1	1	13.152
40.459	2	89	0	0	0	13.033
42.874	3	81	1	0	1	16.081
37.893	0	50	1	1	1	13.647
27.009	1	68	0	1	1	11.968
33.559	1	58	1	0	1	13.272
2.744	3	50	0	0	0	6.014
40.100	2	75	0	1	1	15.075
32.924	0	50	1	0	1	12.579
31.129	1	57	0	0	1	12.790
37.738	2	89	1	1	1	14.583
16.938	3	81	0	1	1	10.893
43.580	1	61	0	1	1	15.246
22.105	1	57	0	0	1	10.876
31.840	3	83	1	1	1	13.864
37.842	3	58	0	1	1	15.082
26.884	1	54	1	0	0	9.819
27.030	2	57	1	1	0	10.410
31.121	1	68	0	0	1	12.783
45.245	2	79	1	0	1	16.052
29.995	0	50	1	0	1	12.033
47.696	0	50	1	1	0	13.614
59.342	1	60	0	1	1	18.337
22.345	1	54	0	0	1	10.996
29.620	3	105	0	0	0	11.472
41.040	0	50	1	0	1	14.277
22.159	2	79	1	1	0	9.437
44.651	1	67	1	1	0	13.387
32.344	1	53	1	0	1	12.960
21.258	2	82	1	0	1	11.252
22.707	3	105	1	1	0	10.045
42.689	0	50	1	1	0	12.450
34.505	0	50	0	1	0	10.848
38.287	3	78	1	1	0	13.173
26.193	3	103	1	1	0	10.684
41.023	0	50	0	1	1	14.155
18.475	1	59	0	1	1	10.232
37.710	1	53	1	1	0	12.079
28.060	3	52	1	1	0	11.081
44.045	3	80	1	1	1	16.268
15.466	0	50	1	1	1	9.042
30.766	1	62	0	1	0	10.614
35.281	3	106	1	1	1	14.634
53.898	3	53	1	0	1	18.245
15.136	1	60	0	1	1	9.539
0.000	1	67	1	1	1	6.520
30.642	3	89	0	1	1	13.599
19.320	2	89	0	0	1	10.752
36.410	2	70	0	0	1	14.277
21.216	1	66	1	0	1	10.756
42.589	3	76	1	0	1	15.977
45.579	0	50	1	0	1	15.181
22.208	3	100	1	1	0	9.952
33.113	0	50	0	1	0	10.664
21.759	3	73	1	1	1	11.816
25.922	0	50	1	0	1	11.207
20.359	2	77	1	0	1	11.050
23.958	0	50	1	1	0	8.933
24.150	2	67	1	1	1	11.869
44.090	1	60	1	1	1	15.384
32.463	2	83	1	1	1	13.423
35.134	0	50	0	0	1	12.998
31.574	3	98	1	0	1	13.816
13.921	1	51	1	1	1	9.300
24.335	0	50	1	1	1	10.832
21.645	3	86	0	1	1	11.762
28.285	3	73	1	1	1	13.176
27.354	1	65	1	0	0	9.912
36.898	0	50	1	1	1	13.382
33.817	1	67	1	1	1	13.266
39.107	2	64	1	1	1	14.869
29.042	2	59	1	1	0	10.783
19.726	1	53	1	1	1	10.439
14.473	2	76	1	0	1	9.924
39.323	1	67	0	0	1	14.343
23.580	1	58	0	1	1	11.168
40.487	2	89	1	0	1	15.048
39.487	0	50	1	0	1	13.883
22.938	3	84	1	1	1	12.047
29.049	2	65	1	0	0	10.792
40.630	2	82	0	0	1	15.112
5.697	1	53	1	1	1	7.673
32.340	3	95	1	1	1	14.037
19.952	3	51	1	1	0	9.594
36.916	2	64	1	1	1	14.379
38.869	1	62	1	1	1	14.234
27.669	2	52	0	1	0	10.543
13.226	3	86	1	0	1	10.154
31.967	2	87	0	1	1	13.418
23.006	2	83	1	1	1	11.572
14.940	0	50	1	0	1	8.998
15.682	1	61	0	1	1	9.715
31.329	2	67	1	0	1	13.345
22.486	1	68	1	1	1	11.042
38.312	1	66	1	1	1	14.175
44.418	1	66	0	0	1	15.393
14.049	2	65	1	1	1	9.861
26.925	1	63	1	1	1	11.948
23.584	1	53	1	1	1	11.165
34.784	3	52	1	0	1	14.381
48.675	2	72	0	0	1	16.808
32.972	1	54	1	1	1	13.128
10.004	3	71	1	1	0	7.364
26.372	2	54	1	1	1	12.253
6.088	3	51	1	0	1	8.804
37.695	1	63	1	0	0	12.038
22.935	3	88	1	1	0	10.092
18.104	3	66	1	0	1	11.099
10.975	1	64	1	1	0	6.782
35.082	1	69	1	1	1	13.516
28.174	0	50	1	0	1	11.684
18.527	1	64	1	1	1	10.189
26.083	2	50	0	0	0	10.272
40.157	2	89	1	0	1	15.110
37.132	2	85	1	0	0	12.366
17.984	1	55	0	0	0	8.055
22.313	3	100	0	1	0	9.877
12.215	1	59	0	0	1	8.912
28.553	2	52	1	0	1	12.752
19.852	0	50	1	1	0	7.985
36.185	1	64	1	1	0	11.732
35.957	3	63	1	0	0	12.686
28.941	0	50	1	1	1	11.818
35.148	3	103	0	1	1	14.482
36.097	3	51	1	1	0	12.635
19.553	1	51	1	1	1	10.484
17.479	0	50	1	1	1	9.447
35.160	1	67	0	0	1	13.591
38.592	1	53	1	1	0	12.189
26.008	0	50	1	1	1	11.185
36.391	2	62	1	1	1	14.279
16.866	2	87	0	1	1	10.373
34.532	0	50	1	0	1	12.930
16.940	3	55	0	1	1	10.959
43.664	0	50	0	1	0	12.653
16.517	3	107	1	1	0	8.729
42.836	2	60	1	1	1	15.589
20.944	3	89	1	1	1	11.738
19.539	3	82	1	0	1	11.463
15.240	3	66	1	1	1	10.534
31.327	2	51	1	1	1	13.348
11.667	2	59	1	1	1	9.289
29.130	3	76	1	1	1	13.374
18.960	2	86	1	0	0	8.783
47.911	3	100	1	1	1	17.166
19.278	0	50	0	1	1	9.853
25.673	1	65	1	0	0	9.654
21.666	1	63	0	1	1	10.803
18.540	3	79	0	1	0	9.201
37.039	2	53	0	1	0	12.419
29.422	3	108	1	0	1	13.342
33.067	2	86	1	1	0	11.563
48.143	1	70	1	1	0	14.085
32.408	1	59	1	0	0	10.953
39.622	0	50	0	1	0	11.898
7.372	3	54	1	0	1	8.949
27.577	1	67	1	0	1	12.060
25.167	1	68	1	1	1	11.527
38.005	2	60	0	1	1	14.655
25.326	0	50	1	0	1	11.087
17.711	1	63	0	1	1	10.052
32.225	3	66	1	0	0	11.915
20.887	2	72	1	0	1	11.119
0.000	3	104	1	1	1	7.396
39.812	0	50	0	0	1	13.973
7.626	2	78	1	1	1	8.750
30.315	3	63	0	1	1	13.564
32.261	3	96	0	1	0	11.935
45.505	3	76	1	0	1	16.600
54.179	2	87	1	1	1	17.800
27.435	2	75	0	1	0	10.437
45.035	0	50	1	0	0	13.057
34.737	3	106	1	1	1	14.459
32.781	1	65	1	0	0	11.105
28.701	0	50	0	0	1	11.769
40.268	3	106	1	0	1	15.637
46.900	1	65	0	1	1	15.840
32.430	3	88	0	1	0	12.036
28.338	1	63	0	1	0	10.190
52.000	0	50	0	1	0	14.343
14.404	0	50	1	1	1	8.941
27.580	0	50	1	1	0	9.498
39.898	2	55	1	1	1	15.049
42.566	0	50	1	1	0	12.467
32.656	2	57	0	1	0	11.550
19.398	2	77	1	1	0	8.873
24.972	1	65	1	1	1	11.513
25.376	1	59	0	1	1	11.566
14.190	3	82	1	1	1	10.290
35.574	1	58	1	1	1	13.656
27.046	1	69	1	1	1	11.898
42.343	0	50	1	1	0	12.454
43.852	3	90	0	0	0	14.352
41.500	3	81	1	1	1	15.896
37.704	2	78	0	0	0	12.483
37.065	3	98	0	1	1	14.907
37.317	3	83	1	1	1	14.918
35.331	3	81	1	1	1	14.580
54.884	3	69	1	1	1	18.617
26.886	2	88	1	1	0	10.375
22.985	3	62	1	1	0	9.973
42.501	0	50	0	1	1	14.510
17.017	0	50	1	1	0	7.371
19.625	1	56	1	0	1	10.392
28.770	3	75	1	1	1	13.370
33.337	3	82	1	1	1	14.182
16.761	1	69	1	1	1	9.863
32.250	1	55	1	0	1	12.917
24.780	0	50	0	1	0	8.983
24.088	0	50	0	1	1	10.773
19.993	0	50	0	1	0	7.962
35.227	3	51	0	1	1	14.573
28.181	2	51	1	0	1	12.633
33.350	3	66	0	1	1	14.186
24.620	2	68	0	0	0	9.908
28.394	0	50	1	1	0	9.686
38.065	3	90	0	1	0	13.112
16.941	2	72	1	1	1	10.383
38.557	0	50	1	0	1	13.764
37.506	1	57	1	1	1	14.011
28.759	0	50	1	1	0	9.727
34.258	0	50	1	0	1	12.839
28.131	3	86	1	0	1	13.135
31.732	1	70	1	0	1	12.856
35.942	1	65	1	1	0	11.764
19.152	2	90	0	1	1	10.844
24.077	0	50	0	0	1	10.813
25.722	1	67	1	0	1	11.755
50.571	0	50	1	1	1	16.105
19.479	3	60	1	0	1	11.395
42.059	0	50	1	1	1	14.336
33.227	0	50	0	1	1	12.666
15.732	3	56	1	1	0	8.635
37.098	0	50	1	1	1	13.467
41.925	2	67	1	1	1	15.355
23.017	3	71	1	1	1	12.132
4.409	3	83	1	0	1	8.424
35.015	3	87	0	1	0	12.431
34.523	2	63	0	1	0	11.879
42.528	1	57	1	1	1	14.948
27.471	3	83	1	1	1	13.038
19.404	2	62	0	1	1	10.839
23.051	2	55	0	0	1	11.616
21.199	1	64	1	0	1	10.664
36.433	2	77	1	1	1	14.334
13.746	3	104	1	1	1	10.191
26.033	1	69	1	0	1	11.672
10.145	3	68	1	1	0	7.587
41.403	0	50	1	1	1	14.279
34.955	0	50	1	1	1	12.996
31.196	0	50	1	1	1	12.359
19.146	2	70	1	1	1	10.841
50.541	2	75	1	1	1	17.221
25.049	2	53	1	1	1	11.996
46.456	3	109	0	1	1	16.774
26.037	3	62	1	0	1	12.677
36.889	2	62	1	0	1	14.417
25.640	2	55	1	0	0	10.145
35.252	1	66	1	1	1	13.535
28.310	2	69	1	1	1	12.602
27.073	3	77	1	0	1	12.918
36.521	0	50	0	1	0	11.318
36.194	1	68	1	0	0	11.717
40.428	2	76	1	0	0	13.158
25.050	2	79	1	1	0	9.971
22.742	2	61	1	1	1	11.483
10.314	0	50	1	1	0	6.034
18.788	2	74	1	0	1	10.720
33.779	1	58	0	1	1	13.283
17.450	1	56	1	1	1	10.014
27.591	1	59	1	1	1	12.073
36.594	1	62	0	1	1	13.884
22.345	1	57	0	0	1	10.950
28.306	2	66	0	0	1	12.678
49.969	2	83	0	0	0	14.982
24.966	3	53	1	1	0	10.561
37.068	1	58	1	1	1	13.861
20.547	2	64	1	1	1	11.071
37.547	0	50	1	1	0	11.522
40.955	3	60	1	0	1	15.691
31.489	1	60	1	1	1	12.893
28.545	1	51	0	0	1	12.255
39.190	3	102	1	1	1	15.341
21.073	0	50	1	1	0	8.122
37.727	3	74	0	1	1	14.989
47.669	1	67	1	0	1	16.002
38.343	2	65	1	1	1	14.669
39.294	1	55	0	1	1	14.375
25.778	0	50	0	1	1	11.206
24.289	0	50	0	0	1	10.902
38.150	1	51	1	1	1	14.105
35.647	3	61	1	0	1	14.621
41.882	1	58	1	1	1	15.005
24.133	2	63	1	0	1	11.830
17.465	1	53	0	1	1	9.984
17.103	2	77	0	1	1	10.453
47.274	3	56	1	0	1	16.942
43.165	1	56	0	1	1	15.093
30.625	0	50	1	1	1	12.108
22.710	2	87	1	0	1	11.528
32.336	0	50	1	1	1	12.429
25.498	2	80	0	1	1	12.124
22.709	2	53	0	1	1	11.482
26.439	2	72	1	0	1	12.368
40.369	2	89	1	0	1	15.039
42.422	1	51	1	1	1	15.009
18.510	2	54	0	0	1	10.841
32.070	2	68	1	0	1	13.497
14.642	3	103	1	1	1	10.472
29.425	3	103	0	1	0	11.321
29.193	2	89	0	1	0	10.948
42.508	2	76	1	0	0	13.527
30.961	3	76	1	1	0	11.649
16.034	2	61	1	1	1	10.256
36.138	3	55	1	1	1	14.673
32.719	0	50	1	1	1	12.487
30.646	2	70	1	0	1	13.113
25.747	0	50	0	1	1	11.131
28.784	0	50	1	1	0	9.783
29.850	1	68	0	1	0	10.407
10.605	1	66	1	0	1	8.640
23.537	2	58	1	1	1	11.710
31.811	2	89	1	0	0	11.321
13.955	2	83	1	0	0	7.874
32.174	0	50	1	1	0	10.429
32.251	1	60	0	1	1	12.926
28.576	2	60	0	1	0	10.706
27.112	0	50	1	0	1	11.438
33.920	1	60	0	0	0	11.303
17.098	1	57	1	0	0	7.878
31.927	0	50	1	0	0	10.360
43.723	3	77	0	0	1	16.160
30.746	2	86	1	1	1	13.112
17.272	3	59	1	1	1	10.897
13.076	0	50	1	0	1	8.683
27.858	2	59	1	1	1	12.555
34.294	2	64	0	1	1	13.909
39.352	2	64	1	1	1	14.791
35.369	3	59	0	1	1	14.622
28.104	1	70	1	1	0	10.120
17.183	0	50	0	1	1	9.389
18.668	1	60	1	1	1	10.274
34.256	1	52	0	1	0	11.390
29.300	2	52	1	1	1	12.825
38.276	2	61	1	1	1	14.635
41.668	0	50	1	0	1	14.448
31.380	0	50	1	1	0	10.321
35.489	3	107	0	1	0	12.540
33.645	2	88	0	0	1	13.786
31.420	2	65	1	1	0	11.297
31.398	2	52	0	0	1	13.238
30.826	3	93	1	0	1	13.606
36.319	3	72	1	1	1	14.715
31.214	1	67	1	0	1	12.717
47.385	1	51	1	0	0	13.969
40.481	2	68	0	1	1	15.090
21.238	2	77	1	1	1	11.333
32.001	0	50	0	1	0	10.514
23.001	0	50	0	0	1	10.566
35.616	3	69	1	1	1	14.555
32.600	2	70	0	1	1	13.445
18.080	2	57	0	1	1	10.673
41.306	0	50	1	0	0	12.267
33.969	1	53	1	1	1	13.318
20.436	2	85	1	1	1	11.005
31.328	1	57	1	0	1	12.771
43.349	2	60	1	1	0	13.684
42.807	3	62	1	1	1	16.022
35.639	1	51	1	1	1	13.686
37.203	0	50	1	1	0	11.417
28.255	2	67	1	1	1	12.671
35.109	2	53	1	1	1	14.116
23.003	0	50	0	1	0	8.609
30.245	2	66	1	1	1	13.026
44.444	3	66	0	1	0	14.433
26.855	3	66	1	1	1	12.849
33.911	0	50	0	1	1	12.737
22.686	1	64	1	1	1	10.991
44.222	3	106	1	1	1	16.326
34.522	2	66	0	1	0	11.987
21.701	3	50	1	1	1	11.832
46.911	1	59	1	0	1	15.885
42.522	0	50	1	1	1	14.390
21.199	0	50	0	1	0	8.173
17.565	2	64	1	1	0	8.476
20.077	3	88	0	0	1	11.488
38.202	1	54	1	1	0	11.985
24.109	0	50	1	1	0	8.820
12.673	3	52	1	0	0	8.070
36.346	0	50	1	1	1	13.189
48.591	0	50	1	1	1	15.753
31.739	2	67	1	1	1	13.393
34.599	0	50	1	1	1	12.914
20.137	1	64	0	1	0	8.522
24.434	2	81	1	0	1	11.922